54
16
86
50
46
32
72
32
46
78
76
10
16
10
30
56
86
0
62
10
92
40
14
72
12
0
34
56
8
42
14
34
76
26
86
22
28
12
38
78
42
12
98
2
48
30
62
12
62
56
80
78
4
88
96
54
48
36
98
4
76
46
92
46
66
32
8
72
2
78
2
2
6
24
48
88
90
4
24
12
82
76
74
10
88
38
22
32
16
6
98
0
74
42
14
50
30
68
14
92
22
44
32
88
68
78
82
78
66
30
92
42
10
68
70
56
44
4
32
88
30
80
90
52
8
94
42
64
10
70
66
48
14
58
4
90
0
68
40
2
96
88
50
92
18
72
68
86
28
2
92
94
24
32
22
8
12
10
74
56
36
16
84
18
90
80
54
18
26
92
22
88
82
62
58
74
52
96
56
46
8
62
48
80
74
36
38
32
22
66
50
6
54
68
56
52
22
8
6
76
22
30
24
72
28
68
26
82
66
10
70
84
78
24
60
86
22
34
82
46
86
90
70
68
74
60
50
68
4
60
62
46
44
70
98
48
20
68
98
12
56
96
8
46
60
62
76
24
56
60
38
36
72
68
22
86
44
50
14
34
36
0
14
38
46
84
90
38
76
42
12
0
42
10
28
96
86
92
18
76
86
80
70
78
26
0
28
40
46
72
78
80
44
66
0
30
74
48
96
90
0
52
84
30
6
66
94
10
86
66
54
22
